-0.011216
0.0737591
0.101688
0.0777818
-0.062729
0.050717
-0.109674
-0.0183559
0.100045
-0.107939
0.151576
-0.0428565
-0.243308
0.0118477
0.0308252
0.166114
-0.141078
-0.0323726
-0.213013
0.000800766
-0.0401054
0.0965455
0.011684
0.0236919
-0.0989325
-0.442097
-0.0845245
-0.0932506
0.0997755
-0.108952
-0.178071
-0.0373333
-0.128782
-0.082721
0.0598446
-0.0229562
-0.0127804
-0.0512719
0.166991
0.0559072
-0.203152
0.00100073
0.0729682
0.25386
0.202343
0.0588874
0.102228
-0.0478881
0.128288
-0.269867
0.0801627
0.112507
0.124447
0.0998853
0.176597
-0.191872
-0.0360204
0.199589
-0.118972
0.181476
0.0621635
0.0490768
0.00585561
0.0401977
0.160407
0.0245248
-0.10974
-0.158979
0.09434
-0.155014
0.0600224
0.0384194
-0.087642
-0.226864
-0.291825
0.00630512
0.418227
0.184137
-0.252397
0.00248242
-0.0647063
-0.121001
0.111492
0.0837011
-0.0382874
0.0144945
-0.0651316
0.0713136
0.202623
0.0209393
0.0909436
0.240304
0.00116271
-0.0572849
0.0085903
0.0759708
-0.206968
-0.0650215
-0.122179
-0.057873
0.0479899
-0.0574386
0.0189572
0.085232
-0.211844
0.211612
-0.0304802
-0.016436
0.0431369
0.0273155
-0.112239
-0.00786465
0.208955
-0.212706
0.0807148
0.188613
0.00582126
0.0948328
0.0200158
0.0561808
0.0244354
0.0210004
-0.183776
-0.102146
0.00188977
-0.0857137
-0.0137658
-0.00975894