0.0521339
0.120559
0.112571
0.0443204
-0.0932505
0.124271
-0.133746
0.019141
0.172789
-0.0492251
0.160349
-0.0470397
-0.181066
-0.00764377
-0.0155035
0.156086
-0.116982
-0.0253293
-0.151102
-0.00176127
-0.0697946
0.104534
-0.00625981
0.000159025
-0.135322
-0.423017
-0.0539572
-0.0729133
0.0378309
-0.14561
-0.115657
0.00118493
-0.139601
-0.0697626
0.0747818
0.00593988
-0.0232678
-0.0297968
0.124082
0.0390415
-0.168816
0.0168068
0.0447425
0.23988
0.156928
0.0573917
0.0848576
-0.0600258
0.115324
-0.241811
0.0768571
0.137211
0.0702357
0.101084
0.144315
-0.145196
-0.0720828
0.23447
-0.111468
0.147073
0.0342336
0.0430087
0.0110622
-0.00118141
0.164295
0.0675661
-0.101051
-0.168501
0.0566872
-0.124369
0.0664935
0.0532843
-0.0546933
-0.216286
-0.287092
0.0570542
0.37894
0.149562
-0.26312
-0.0647436
-0.0481658
-0.0673908
0.0608237
0.0548335
-0.053779
0.00537731
-0.0405965
0.0452995
0.214703
0.00494834
0.0840518
0.210184
-0.0218663
-0.0742347
-0.0227609
0.0720434
-0.178282
-0.0277448
-0.103073
-0.0296723
0.0338985
-0.0535607
0.0131609
0.100033
-0.220598
0.183748
-0.0334105
-0.0689707
0.0403433
0.0430335
-0.0814268
-0.0478926
0.259135
-0.236639
0.107856
0.147196
0.00347502
0.142164
0.0029254
0.113615
-0.00516593
-0.00298505
-0.0710714
-0.0964363
-0.0234935
-0.0662369
-0.0302176
-0.0350612