-0.0638599
0.161978
0.0754726
0.0585355
-0.0772863
0.0964871
-0.0597114
0.0228826
0.214332
-0.0481838
0.120895
-0.0749999
-0.232206
-0.0640249
-0.0871557
0.203725
-0.173238
-0.0816599
-0.164283
-0.0282751
-0.0228576
0.0423937
-0.0526684
-0.0111088
-0.139914
-0.418458
-0.0691928
-0.135643
0.0484075
-0.187824
-0.0708578
4.45545e-06
-0.166037
-0.129814
0.0523276
0.0159879
0.0246795
0.0138427
0.152546
0.0369016
-0.144711
0.000322223
0.0911342
0.272269
0.101764
0.0775734
0.0164643
-0.0876765
0.146652
-0.19472
0.0764548
0.140254
0.151464
0.162685
0.165568
-0.182269
0.014663
0.176976
-0.186069
0.116625
0.0282272
0.0401704
-0.0506983
0.0387126
0.180428
0.0692238
-0.0574591
-0.183342
0.191687
-0.0821023
0.102166
0.0453024
-0.0415051
-0.144963
-0.293602
0.0425335
0.42279
0.148507
-0.238583
-0.0540009
-0.108133
-0.0955302
0.0108516
0.0190921
-0.150311
0.0228877
-0.0115009
0.0694846
0.113
0.0668862
0.0580188
0.14833
0.011464
-0.057042
0.00500827
-0.0026118
-0.201431
-0.0361782
-0.105182
-0.0826917
0.0839236
-0.0953262
0.0223138
0.11005
-0.215428
0.148536
0.0189916
-0.055498
-0.0064032
0.11149
-0.103693
0.00589919
0.250436
-0.24842
0.19564
0.13842
-0.0482343
0.0989092
0.0258201
0.106509
-0.0274355
-0.0208722
-0.104822
-0.0988315
0.0278245
-0.0949698
0.00387991
-0.0103945