-0.0874944
0.115819
0.00926957
-0.0289643
-0.163579
0.00617104
-0.00374661
-0.0844727
0.214037
-0.0865691
0.0736478
0.0263451
-0.143087
-0.00911886
-0.0392621
0.0633244
-0.221447
-0.129028
-0.0374413
-0.0987068
0.0731674
0.0849515
-0.0141809
0.0495738
-0.220019
-0.258157
-0.143445
-0.0714552
0.101713
-0.166428
-0.00564553
0.0228502
-0.190996
-0.0806363
-0.00547174
0.0531882
-0.00702544
-0.040266
0.142041
0.0837397
-0.154251
0.0331445
0.0507027
0.359672
0.232921
0.105972
-0.0437304
-0.0420846
0.163522
-0.26118
0.149531
0.126305
-0.0284408
0.0176304
0.15333
-0.154556
-0.0399063
0.087329
-0.139963
0.0599445
0.039753
-0.0218415
0.000997938
-0.00372101
0.134658
0.0724594
-0.0228786
-0.109276
0.137601
-0.192041
-0.0798911
0.0120316
-0.0506563
-0.0965679
-0.334589
0.0368859
0.506147
0.147643
-0.1008
0.106275
-0.0364199
-0.0398623
0.158134
0.072754
-0.10179
0.0315413
-0.109342
0.126613
0.16161
0.014388
-0.0439596
0.20908
0.0167641
-0.0145296
0.0840204
0.0595005
-0.160399
-0.00445886
-0.136608
-0.0790439
0.177943
0.000185251
0.00715969
0.195724
-0.196886
0.149055
0.0423857
-0.0591376
-0.0405841
-0.0283138
-0.16307
0.0179885
0.134575
-0.280306
0.13215
0.11966
-0.124609
0.155742
0.0598479
0.0170683
0.0099067
-0.0152627
-0.102464
-0.078889
0.0517138
0.00328977
0.071809
0.0451667