-0.105104
0.0911849
-0.0217168
-0.0793338
-0.170824
0.0726163
0.00653302
-0.0598642
0.156731
-0.0978333
0.176852
-0.0108014
-0.278665
-0.136051
0.0355754
0.112474
-0.0739796
-0.151527
-0.16019
-0.0660367
-0.0165311
0.0846164
-0.0390301
0.0814499
-0.097711
-0.247834
-0.0308857
-0.115686
0.0105406
-0.119093
0.0469833
0.133853
-0.0657009
0.0271358
-0.00872948
0.0888796
-0.117855
-0.0280631
0.162024
-0.033821
-0.211058
-0.0640098
-0.00128877
0.215593
0.176146
0.01797
0.0369316
-0.0536587
0.171842
-0.224654
0.0174117
0.194903
0.112629
0.100378
-0.00222575
-0.172204
-0.00226103
0.197155
-0.24258
0.0744824
0.0194222
-0.165277
-0.0927037
-0.0687898
0.129265
0.102112
-0.167784
-0.172154
0.158563
-0.228535
-0.112256
0.168158
-0.13284
-0.231047
-0.221498
0.0717678
0.400318
0.185597
-0.0929549
-0.0653383
-0.00115569
-0.0601373
-0.0208872
0.105993
-0.116183
-0.12563
-0.0781287
0.0101761
0.191629
-0.0199683
-0.00795279
0.236862
0.0659293
0.0524951
-0.0720544
0.0469437
0.00176132
0.0461428
-0.00455898
0.0461308
0.00119551
-0.16095
0.0214286
-0.00317247
-0.0730998
0.283573
0.0202443
0.0939287
-0.0502056
-0.0377163
-0.0917756
0.029074
0.22458
-0.212752
0.199366
0.157973
0.145271
0.160828
0.107684
0.115286
0.021517
-0.130965
-0.190538
-0.088923
0.114436
-0.0632624
0.0375255
0.0488292