-0.136524
0.0941857
0.056194
-0.0293623
-0.208458
-0.0299376
-0.0138706
-0.0682265
0.0994423
-0.0719239
0.131327
0.0151646
-0.210802
-0.0939506
0.0296226
0.157443
-0.099087
-0.19317
-0.150278
-0.109615
-0.0636803
0.085634
-0.0153232
0.0937728
-0.136458
-0.313952
-0.0621435
-0.121411
0.0572241
-0.0288125
0.0272424
0.118115
-0.0922194
-0.00529565
0.0474864
0.0881011
-0.0700373
-0.0919409
0.264361
-0.0274464
-0.212881
0.0051519
0.00328267
0.274496
0.248182
-0.0612816
0.101756
-0.0964639
0.167058
-0.2089
0.0822446
0.191104
0.0997888
0.0591711
-0.00231789
-0.148523
0.00316082
0.19814
-0.272745
0.0394269
0.029758
-0.1436
-0.106339
-0.108462
0.114893
0.115231
-0.130239
-0.187879
0.175472
-0.263452
-0.0765277
0.0916623
-0.161478
-0.185883
-0.338131
0.0573087
0.38373
0.224772
-0.169744
-0.0291403
0.0159389
-0.0453632
0.0307798
0.139912
-0.136504
-0.122973
-0.0680319
0.0796028
0.193586
0.0164864
-0.0483026
0.216281
0.0998285
0.027994
-0.0171332
0.0554775
-0.03975
-0.0211329
-0.0689255
0.0477624
0.0292349
-0.0544027
0.0419235
0.0843982
-0.113572
0.247951
-0.0251902
0.0371843
-0.0763923
-0.0868022
-0.103932
0.0159109
0.244484
-0.118531
0.156175
0.167004
0.0682265
0.166423
0.131274
0.0449142
-0.0286137
-0.112198
-0.21911
-0.0191677
0.128222
-0.0829266
0.116764
0.0784824