-0.0442478
-0.00442907
0.0178017
-0.0713771
-0.0929268
-0.0417123
-0.0404137
-0.0736371
0.120079
-0.154893
0.0369887
-0.0075607
-0.176653
0.0197062
-0.0584813
0.150465
-0.15928
-0.24676
-0.0867489
-0.0399549
0.0261932
0.047866
-0.055697
0.0909528
-0.172253
-0.285495
-0.0250851
-0.0169213
-0.0774118
-0.0259023
0.0211281
0.167268
-0.229811
0.044177
-0.0031519
0.0582691
-0.0123883
-0.0880859
0.217684
0.158496
-0.266953
-0.0122214
0.0325412
0.323116
0.1912
-0.0430164
-0.00152583
0.00889622
0.134172
-0.37042
-0.0239201
0.202773
0.0161568
0.0933201
-0.0187185
-0.0604374
0.0628276
0.0850432
-0.209057
0.0380246
0.0136158
-0.12696
0.00143231
-0.116518
0.21155
0.0895304
-0.0963273
-0.113078
0.107625
-0.231198
-0.127486
0.0523892
-0.0894993
-0.194749
-0.289795
0.0184211
0.287154
0.224139
-0.135783
0.0777418
-0.0252472
-0.0452769
0.0950139
0.142208
0.0187337
0.0820397
-0.0191829
0.0400164
0.31539
0.0106262
-0.0630411
0.273724
0.0482859
-0.0500449
0.0195243
0.0147156
-0.0214158
-0.0367246
-0.173011
0.0186094
-0.0215082
0.0334625
-0.011304
0.115273
-0.137028
0.172975
-0.0495985
-0.0646945
-0.053451
-0.0203636
-0.125952
-0.0942926
0.084108
-0.171639
0.104216
0.181968
0.0784347
0.0961293
0.0441031
0.000311814
-0.0269618
-0.0241374
-0.131186
-0.0927164
0.152854
0.00299931
0.0480671
0.000499554