-0.0986003
0.0420961
0.0816715
-0.0369927
-0.106191
-0.0444146
0.0355372
-0.120561
0.126368
-0.0836232
0.150485
-7.51987e-05
-0.177471
-0.0697675
-0.0476895
0.167001
-0.1127
-0.24411
-0.140151
0.00406974
0.00636596
0.00217022
-0.00189216
0.12045
-0.107031
-0.351768
-0.000960405
-0.0369035
-0.000809872
-0.066066
0.0479637
0.213243
-0.247755
-0.0702571
4.31016e-06
0.133965
-0.0526959
-0.114127
0.206028
-0.02953
-0.333272
-0.0772843
0.101652
0.32146
0.228531
-0.0191791
0.0076583
-0.0616821
0.121986
-0.327182
0.0461124
0.135461
0.0552914
0.104687
0.0343614
-0.160858
0.0550742
0.0413264
-0.190558
0.0168143
-0.00726438
-0.168374
0.0335806
-0.21495
0.234372
0.038746
-0.120138
-0.0565999
0.261449
-0.176546
-0.0818458
0.0702831
-0.11205
-0.179552
-0.40866
-0.00669103
0.420073
0.204218
-0.151146
0.052393
-0.0552937
-0.0425545
-0.0143123
0.250367
0.0383905
0.0302361
-0.0245173
0.0438028
0.232533
0.0296089
-0.0791945
0.239987
0.0207855
-0.0418606
0.0140275
0.0862819
-0.0507825
0.0403323
-0.205929
0.0641964
-0.0447908
0.00173208
0.0287001
0.180076
-0.115212
0.180879
0.0254212
0.0481277
0.0489035
0.00983921
-0.0788335
-0.131376
0.093814
-0.22494
0.171854
0.169237
0.0793229
0.138811
0.0463398
0.119073
0.0243796
-0.070156
-0.223983
-0.0484172
0.122388
-0.0655196
0.0237368
0.12724