-0.135813
0.03761
0.0527428
-0.130503
-0.1361
0.0256376
-0.0309707
0.050806
0.103001
-0.0524724
0.0832804
0.0196287
-0.23364
0.0568424
0.0148483
0.0753168
-0.22214
-0.0839254
-0.0584216
-0.110092
0.0127379
0.135296
0.00263754
0.0721224
-0.0649284
-0.276496
-0.103744
-0.123757
0.115482
-0.0775414
0.034702
-0.0185015
-0.137404
-0.0306401
0.0202026
0.0845397
-0.0601644
-0.0942046
0.157999
0.0286558
-0.111748
0.000786163
0.0616231
0.343847
0.201736
0.0971692
0.0159507
-0.0107837
0.123762
-0.242153
0.114431
0.0853404
0.118078
0.0617685
0.0877739
-0.171965
0.0435506
0.166954
-0.159262
0.136604
0.0372497
-0.0466411
0.0879549
-0.0780902
0.22452
0.0327198
-0.0851152
-0.135904
0.15213
-0.208351
-0.124365
0.0787753
-0.123536
-0.0809581
-0.277687
-0.00702481
0.354945
0.175886
-0.0827582
0.00885247
-0.0262948
-0.0273466
0.0901362
0.097544
-0.128753
-0.0434375
-0.0649077
0.0353302
0.262007
0.0091995
-0.07488
0.150965
0.0687197
0.0129942
0.0360614
-0.0356387
-0.0373492
-0.0429763
-0.140848
0.0173759
-0.0662109
-0.120943
-0.0224886
0.129259
-0.205411
0.146398
0.0258703
-0.0584292
-0.0907947
0.0394628
-0.169516
0.0330039
0.229041
-0.250516
0.17395
0.260619
0.0962282
0.126029
0.0428599
0.0255556
-0.0207376
-0.0294812
-0.179185
-0.0613127
0.0702813
-0.03409
0.0982397
0.0967754