-0.115667
0.0811928
-0.00577328
-0.138802
-0.201256
0.034426
0.0365474
-0.0354606
0.130172
-0.00739822
0.135255
-0.025914
-0.273823
-0.146386
0.0380992
0.140672
-0.0768564
-0.153759
-0.181747
-0.0851985
-0.0321868
0.0694394
-0.0507947
0.083461
-0.0941346
-0.259449
-0.0779942
-0.0958497
0.0404575
-0.137096
0.0143493
0.123741
-0.10791
-0.0285828
-0.0109493
0.0492948
-0.142473
-0.120592
0.187489
-3.37493e-05
-0.217155
-0.0645311
0.053485
0.216872
0.278484
-0.0212343
0.0606275
-0.0350983
0.124914
-0.233499
0.049697
0.172035
0.128499
0.0737472
0.024215
-0.105349
-0.026373
0.178609
-0.270561
0.0158638
0.0618012
-0.200716
-0.164062
-0.126119
0.145949
0.171654
-0.134544
-0.209057
0.229128
-0.233074
-0.14254
0.111427
-0.10068
-0.140251
-0.285478
0.0751164
0.345425
0.210438
-0.14435
-0.0420167
-0.0408096
-0.0245292
-0.00370159
0.0735232
-0.144448
-0.104524
-0.0925451
0.0194349
0.175194
-0.0196283
-0.0161549
0.181902
0.0953863
0.0014787
-0.0137178
0.0559605
-0.0236381
0.000588834
-0.0530467
0.022186
0.0830296
-0.109601
0.0495944
0.0844875
-0.0462978
0.266767
0.0156648
0.0292032
-0.0743383
-0.125438
-0.0732885
0.0424121
0.195566
-0.176525
0.157699
0.0924072
0.0476582
0.110371
0.124195
0.120913
-0.0291716
-0.145306
-0.188641
-0.0798357
0.14835
-0.0318173
0.110605
0.075193