-0.133007
0.0992112
0.0903201
-0.047402
-0.0950548
0.0756895
-0.137761
-0.0881171
0.106495
-0.125347
0.119047
0.0239221
-0.198284
-0.042791
-0.114103
0.0637005
-0.119611
-0.19758
-0.000175014
-0.0176557
0.0604364
0.0170663
-0.036145
0.0648535
-0.0871647
-0.280383
-0.0575828
-0.0977706
-0.0270659
-0.175166
-0.0536545
-0.0642613
-0.232876
-0.0323648
-0.0327447
0.0789731
0.0736152
-0.0361924
0.168036
0.0645765
-0.117266
0.0249624
0.0086528
0.278551
0.132446
0.0277733
-0.0257234
-0.0809394
0.198567
-0.249582
0.124049
0.153283
0.162991
0.0687794
0.0264877
-0.135509
0.0194769
0.179121
-0.185044
0.157723
0.00856201
-0.0231937
0.0699519
-0.0482137
0.20824
0.097031
-0.0744522
-0.1277
0.0701893
-0.116255
-0.0578312
0.0260843
-0.0838927
-0.184911
-0.232353
0.127937
0.408924
0.264149
-0.199661
0.0400023
-0.120618
-0.0962213
0.0285509
0.0786115
-0.0761716
0.088136
-0.0184477
0.0634467
0.21146
0.0911136
-0.0372196
0.226737
-0.00220958
0.0640391
0.0412434
-0.0328608
-0.103871
-0.00641796
-0.15058
-0.0400384
-0.141312
-0.0164739
0.0454592
0.0826897
-0.172548
0.0853525
-0.0278442
-0.0796967
-0.0960241
0.0403781
-0.116722
-0.0439271
0.123543
-0.261799
0.163043
0.139486
0.148724
0.183812
0.109073
0.0346498
0.0827817
-0.0351939
-0.0523849
-0.0393321
0.138449
-0.010785
0.127779
0.03342