-0.100607
0.0486139
0.0774551
-0.0313107
-0.194692
-0.0242131
0.00968679
-0.0446957
0.0276174
-0.0738805
0.121256
0.00501055
-0.240517
-0.133063
0.0836247
0.143215
-0.0999497
-0.210307
-0.16985
-0.0709671
-0.060958
0.0335298
-0.0550777
0.0764326
-0.149378
-0.329857
-0.0604212
-0.0937279
0.0352889
-0.0159701
0.0152042
0.143294
-0.10738
-0.020838
0.0489609
0.074389
-0.0652679
-0.119622
0.167868
-0.0517076
-0.190646
-0.0190304
0.0127188
0.240213
0.255742
-0.00810972
0.0956506
-0.0430209
0.149707
-0.258051
0.0547804
0.159002
0.104457
0.0787775
0.0158053
-0.139051
0.0579525
0.171868
-0.279386
0.0487015
-0.0227517
-0.199117
-0.0674163
-0.107516
0.164521
0.0859409
-0.138497
-0.140793
0.166129
-0.227536
-0.074872
0.0447262
-0.163124
-0.152722
-0.352238
0.0694556
0.386993
0.233718
-0.188321
-0.022543
-0.00873348
-0.0100938
0.0328678
0.123556
-0.124909
-0.170332
-0.0983481
0.0610905
0.195981
3.7834e-05
-0.0481231
0.199711
0.0595452
-0.00250303
-0.0026463
0.0318872
-0.0569276
-0.0204318
-0.0228859
0.0282242
0.0822366
-0.0815253
0.0456422
0.11837
-0.0781182
0.206274
-0.050167
0.0652376
-0.0049136
-0.0925444
-0.117716
-0.0259256
0.175876
-0.146608
0.158132
0.17874
0.0448493
0.138403
0.103582
0.0623356
-0.0458798
-0.092614
-0.190747
-0.0465901
0.166177
-0.0563285
0.110177
0.0557543