-0.013325
0.0431281
0.0147255
-0.0746462
-0.0670872
-0.0279978
-0.0679048
-0.0933138
0.164828
-0.11936
0.0650865
0.0570989
-0.193623
0.0734583
-0.0639014
0.150064
-0.104121
-0.193205
-0.0761015
-0.029075
0.0361594
0.0849455
-0.040157
0.14841
-0.079773
-0.274008
-0.0337868
-0.0180225
-0.0992455
0.0557254
-0.0425894
0.104509
-0.213407
0.00642491
0.0460112
0.0971241
-0.0458477
-0.0632482
0.242866
0.178267
-0.222558
0.00191438
0.0507155
0.339149
0.217689
-0.0394247
0.000340588
0.0262029
0.16724
-0.317417
0.0212328
0.194717
0.0980633
0.102073
0.040443
-0.121209
0.0836043
0.112299
-0.215163
0.0828035
0.017325
-0.195893
0.0093179
-0.0851386
0.232424
0.0961571
-0.0813077
-0.134039
0.116972
-0.180519
-0.115603
0.0400443
-0.150709
-0.186445
-0.298386
0.0272893
0.297489
0.238882
-0.1557
0.11722
-0.0206925
-0.00660481
0.114957
0.103332
0.0559451
0.0620483
-0.0787184
0.0211723
0.259946
0.00496842
-0.0775746
0.295174
-0.00961079
-0.0158068
0.0352022
0.0436278
-0.0534535
-0.0292187
-0.208482
-0.00600634
-0.0292473
0.00636118
0.043133
0.0685685
-0.18963
0.0848931
-0.0547377
0.00403624
-0.046649
0.00284807
-0.188279
-0.0808783
0.118767
-0.193942
0.178794
0.123867
0.0348958
0.0969407
0.0471631
0.00171614
-0.0164507
-0.0762698
-0.129226
-0.0946667
0.111997
0.0529287
0.0942459
0.0604292