-0.0336862
0.043176
0.0236362
-0.109828
-0.106738
-0.0391057
0.0108675
-0.0786204
0.121564
-0.0523171
0.0950237
0.0417023
-0.190226
-0.0254668
-0.016598
0.114634
-0.154381
-0.22823
-0.0156343
-0.0300239
0.00762361
0.0278672
-0.0495671
0.112462
-0.145316
-0.232394
-0.0349404
-0.0615443
-0.0568306
-0.0121989
0.0613912
0.119641
-0.249528
0.0089743
0.0582856
0.121174
0.00295568
-0.0479556
0.211648
0.179895
-0.203899
-0.0100641
0.0166216
0.342175
0.228966
-0.0357563
0.0113574
-0.00697888
0.160992
-0.299436
-0.00304934
0.164206
0.0515145
0.074771
0.00345333
-0.0863797
0.0909592
0.0993351
-0.252305
0.0526159
0.0172068
-0.165063
0.0301306
-0.0852493
0.237412
0.0352775
-0.0973831
-0.0908571
0.139118
-0.204844
-0.16356
0.058827
-0.101561
-0.134266
-0.334162
0.0465036
0.366367
0.221105
-0.177649
0.0719062
-0.0369381
-0.0131054
0.105889
0.135874
0.0146823
0.0796137
-0.0600275
0.0108088
0.292878
0.0195683
-0.0636161
0.242018
0.000106312
0.0186806
0.053493
-0.00155185
0.00187533
-0.036857
-0.183518
-0.0197615
-0.0855387
-0.036206
0.0273115
0.115615
-0.202475
0.103745
-0.0133972
-0.0808474
-0.126442
-0.0162626
-0.108224
-0.0383334
0.106534
-0.258923
0.206434
0.187529
0.0323544
0.0928832
0.0330666
-0.0142412
-0.0394204
-0.0838261
-0.0505759
-0.0988221
0.0868068
0.0183399
0.124823
0.0106294