-0.100439
0.132508
0.0472007
0.0260566
-0.110601
0.0217039
0.0290991
-0.200843
0.0913951
-0.147598
0.217827
-0.0577585
-0.290141
-0.109044
0.0150875
0.149378
-0.150952
-0.171247
-0.19205
-0.105188
0.0186628
0.0369605
-0.0440109
-0.0418088
-0.121737
-0.312139
-0.088909
-0.083873
0.0160803
-0.0657035
0.0562756
0.0845236
-0.217951
-0.0741183
-0.0628594
0.0432054
-0.0850652
-0.0718634
0.120641
-0.00603967
-0.17825
0.0237227
0.0293537
0.240988
0.220256
-0.0433567
0.0412054
-0.0789823
0.0773444
-0.249699
-0.0321911
0.152486
0.117515
0.150853
0.0764936
-0.0826789
0.02469
0.134163
-0.153017
0.0409567
0.0771332
-0.179611
0.0199738
-0.048696
0.102094
0.0752773
0.0242764
-0.104127
0.218814
-0.182113
-0.154325
0.00953193
-0.0957929
-0.17996
-0.365297
0.0147875
0.341721
0.211807
-0.163847
0.00310773
-0.0312815
0.0148112
0.116263
0.0538374
-0.0085228
-0.0795553
-0.0998317
0.0632628
0.250824
-0.0627677
-0.0293384
0.233418
0.0246546
-0.085308
0.074038
0.00162426
-0.0381445
-0.0294162
-0.126656
-0.0138972
0.00678606
-0.101332
0.00154953
0.0686248
-0.0981894
0.175125
-0.0106808
0.00904225
-0.0660553
-0.0933327
-0.0254523
0.0724186
0.175086
-0.162607
0.224692
0.204154
-0.0843733
0.149593
0.048526
0.0935907
-0.0939925
-0.089096
-0.172132
-0.157555
0.0734832
0.0531348
0.0189156
0.0469652