-0.0870875
0.0787845
0.0638593
0.0654945
-0.167085
0.00136554
0.140273
-0.164961
0.0929081
-0.106683
0.168987
-0.155432
-0.334186
-0.0346192
-0.044087
0.120471
-0.101648
-0.143208
-0.167208
-0.107372
0.0150599
0.0513879
-0.00736992
0.050852
-0.0661553
-0.305633
-0.02559
-0.12552
0.0392098
-0.0802416
0.0154105
0.0773133
-0.234078
-0.125823
-0.0153682
-0.00634764
-0.122718
-0.0787544
0.152706
-0.036317
-0.138138
0.00105037
0.0524033
0.246875
0.15548
-0.0323353
-0.00333655
-0.123203
0.127208
-0.290222
-0.0534932
0.135651
0.13297
0.12716
0.0495249
-0.115063
0.0383425
0.0861135
-0.166299
0.148477
0.0840398
-0.153371
-0.000826305
-0.056136
0.0913309
0.0101659
-0.0105235
-0.0662868
0.163847
-0.211835
-0.0828765
0.0455792
-0.0648785
-0.163175
-0.295045
-0.0126467
0.425679
0.15688
-0.165303
-0.072953
-0.071074
0.0396083
0.0794529
0.0503086
-0.0501981
-0.125926
-0.115969
0.0914205
0.198078
-0.0891387
-0.0512143
0.205119
0.0207668
-0.0399053
0.0646375
0.0449272
-0.121884
-0.0238582
-0.114385
0.0177544
0.00727272
-0.145996
0.0100125
0.0459978
-0.140696
0.182116
-0.0374209
-0.0336
-0.0368738
-0.0996601
-0.0735035
0.117853
0.162242
-0.170661
0.258988
0.165319
-0.0465307
0.145598
-0.0248395
0.0274542
-0.0702221
-0.0586211
-0.128106
-0.177237
0.0766639
0.00617127
0.0133057
-0.0155108