-0.144691
0.110537
0.0138677
0.013658
-0.126442
-0.0407171
0.0382975
-0.184001
0.0737197
-0.094347
0.173676
-0.0763878
-0.359965
-0.0791841
0.0121058
0.127565
-0.145866
-0.15777
-0.207185
-0.128935
0.0277699
0.00407851
-0.0318556
-0.0339445
-0.110561
-0.219692
-0.0504536
-0.136201
0.00296219
-0.0911588
0.0633904
-0.00998433
-0.20788
-0.117879
0.00176743
-0.00781214
-0.0921773
-0.0622541
0.182564
-0.0277946
-0.162858
-0.0199044
0.0255464
0.207302
0.222729
0.011474
-0.00767794
-0.158662
0.102689
-0.279237
-0.0204811
0.152198
0.158074
0.109036
0.0655299
-0.134089
0.0482652
0.134031
-0.217419
0.065046
0.0780927
-0.155656
-0.0410199
-0.040415
0.115056
0.0656117
-0.0238224
-0.126335
0.266421
-0.186772
-0.147764
0.0637851
-0.0440511
-0.192729
-0.321119
-0.0489444
0.369894
0.18426
-0.21022
-0.0831869
-0.112478
-0.0334519
0.0440667
0.00964277
-0.0549948
-0.139896
-0.0930416
0.0168773
0.240771
-0.0893183
-0.0183429
0.215043
0.0627089
-0.0789454
0.0387587
0.0181211
-0.107778
-0.0354892
-0.114236
-0.0958894
0.0516762
-0.122991
0.0374977
0.129231
-0.16093
0.190645
-0.0224716
-0.0501747
-0.0808343
-0.111812
-0.00507764
0.0794346
0.1961
-0.158419
0.250975
0.234693
-0.0277694
0.0980916
0.0074277
0.0285921
-0.0574989
-0.0609896
-0.221507
-0.17338
0.0264659
0.0266
0.0193238
0.0450742