-0.0899737
0.107446
0.0418573
0.0156751
-0.0863966
-0.0369638
0.0231754
-0.142572
0.0866825
-0.144326
0.143514
-0.0940411
-0.310041
-0.0601055
0.0015956
0.127798
-0.0475249
-0.146962
-0.205827
-0.190755
0.040146
0.120305
0.00397831
-0.0362112
-0.140503
-0.258893
-0.0632906
-0.0890222
-0.0407876
-0.084946
0.098784
0.0257972
-0.200198
-0.0342867
-0.00471329
0.0230875
-0.100212
-0.0825019
0.134134
0.0926528
-0.15472
-0.0439185
0.00213482
0.24882
0.215525
-0.0233827
0.0101115
-0.110697
0.11938
-0.25666
-0.00162262
0.128504
0.130595
0.107924
0.0887834
-0.061722
0.0098927
0.146866
-0.183377
0.102861
0.0757278
-0.188845
-0.0858964
-0.0946184
0.109621
0.0748202
-0.0856607
-0.0753805
0.239819
-0.195658
-0.153439
0.0444437
-0.0529981
-0.171485
-0.330505
-0.00370961
0.38657
0.152492
-0.17437
-0.0740373
-0.0357502
0.0431674
0.0368229
0.10636
-0.0495298
-0.105451
-0.0315091
0.0321331
0.235799
-0.0720623
-0.108777
0.220768
-0.0297105
-0.020082
0.024577
0.0110593
-0.0962017
-0.0645083
-0.0507789
-0.0352128
0.00445531
-0.180537
-0.0209342
0.0614072
-0.113817
0.238309
-0.0124444
-0.0187143
-0.0418155
-0.0584558
-0.0612293
0.0853158
0.17385
-0.170964
0.232445
0.198457
-0.0267656
0.159018
0.0409447
0.0956001
-0.0389502
-0.0417898
-0.174365
-0.201178
0.0102862
0.0473097
0.0121331
0.0335495