-0.10976
0.175626
0.0488448
0.00983088
-0.0637359
0.0734997
0.00792089
-0.164867
0.0800681
-0.127093
0.271829
-0.0180213
-0.330801
-0.104811
0.0311743
0.172171
-0.0776346
-0.133681
-0.220944
-0.0909652
-0.00333311
0.0358453
-0.0339199
-0.0564758
-0.116119
-0.251175
-0.0777414
-0.0557063
0.0161127
-0.0877576
0.052394
0.0456674
-0.228469
-0.065305
0.010755
0.0644211
-0.069883
-0.00156498
0.151846
0.0255044
-0.117026
0.00565434
0.0128655
0.203302
0.156917
0.0319438
0.058942
-0.171955
0.0612566
-0.254411
-0.00312711
0.125555
0.13346
0.153526
0.0500729
-0.152122
0.0540363
0.0782863
-0.139465
0.0536043
0.0417856
-0.213917
-0.0670945
-0.03243
0.124656
0.00975384
-0.0301175
-0.125446
0.225262
-0.110004
-0.0983484
0.0834902
-0.046962
-0.172376
-0.367907
0.0487128
0.37908
0.160895
-0.227403
-0.00553279
-0.0553158
-0.0422449
0.0435877
0.0679866
-0.020565
-0.115674
-0.0766739
0.0616567
0.259899
-0.115444
0.0249505
0.210584
0.0305548
0.000627415
0.0216301
0.050629
-0.0615485
-0.051021
-0.0692091
-0.0347018
0.0211573
-0.0988056
-0.00577752
0.0562658
-0.155232
0.200499
-0.0137085
-0.0671371
-0.0458784
-0.0937081
-0.0260424
0.044022
0.18938
-0.219781
0.240577
0.245165
-0.0859113
0.129735
0.0868115
0.136885
-0.0394261
-0.0500023
-0.175552
-0.190991
0.0582642
0.00716627
-0.020797
0.0135387