-0.0477702
-0.00664724
-0.0215833
-0.0878551
-0.113561
-0.0548481
0.00868739
-0.0681649
0.170946
-0.115203
0.102961
0.0129054
-0.156505
-0.0257244
-0.0155985
0.123432
-0.133138
-0.24647
-0.0605013
-0.0175438
-0.0141568
0.0195823
-0.0415656
0.120226
-0.144435
-0.268814
-0.0198773
-0.0608029
-0.0443394
-0.0095331
0.0313499
0.210353
-0.19864
-0.00487885
0.0701145
0.135647
-0.0180578
-0.038531
0.234803
0.141373
-0.252217
-0.00641517
0.0205766
0.379625
0.253341
-0.0608305
0.0199895
-0.0147133
0.197169
-0.384078
-0.0173838
0.196941
0.093946
0.0583408
0.0457787
-0.0537633
0.0904417
0.101002
-0.246101
0.054949
0.0381397
-0.164246
0.0295514
-0.113998
0.252515
0.0810597
-0.116914
-0.10007
0.117497
-0.227861
-0.145275
0.0779413
-0.114322
-0.172584
-0.333716
-0.00907394
0.319796
0.212375
-0.133527
0.124084
-0.0617831
-0.00266587
0.0714061
0.139272
0.019111
0.0172535
-0.0601862
-0.0055392
0.306859
-0.0188589
-0.0420653
0.226718
0.00245777
-0.0317865
0.0157307
0.0193578
-0.0242632
-0.0440222
-0.146624
0.0153649
-0.082818
-0.0281493
0.0348128
0.0882441
-0.224822
0.134722
-0.0725632
-0.0234707
-0.0510525
-0.0583352
-0.0686878
-0.0339327
0.0820393
-0.275377
0.179521
0.150747
0.0296833
0.112654
0.010631
-0.0170866
-0.0434472
-0.0511056
-0.0756542
-0.0970114
0.0648398
0.0181122
0.0483777
0.0109789