-0.161797
0.0209199
0.0207525
-0.0550998
-0.106519
-0.0826446
0.0240582
-0.0812509
0.179235
-0.0646885
0.0901117
-0.0744289
-0.170427
-0.0822219
-0.0443721
0.103223
-0.19676
-0.132192
-0.0569929
-0.176582
0.0530159
0.0452745
-0.0147843
0.0126225
-0.153683
-0.336504
-0.0923204
-0.0702639
0.171022
-0.104648
0.019781
0.0419326
-0.232408
-0.108368
-0.00175695
0.0687976
0.0198827
-0.0464648
0.143426
0.0169907
-0.113696
0.00659211
0.0438273
0.313061
0.169094
0.128288
-0.00264821
-0.0167179
0.123291
-0.257389
0.102663
0.0862271
-0.0213321
-0.0230984
0.174498
-0.138192
-0.0475517
0.0920359
-0.209942
0.142912
0.0462121
0.0150002
-0.0330801
-0.0605321
0.15127
0.0720519
-0.0470441
-0.096798
0.211246
-0.218093
0.00455176
0.0110026
0.00358868
-0.10767
-0.312216
0.0409577
0.454098
0.16516
-0.0966094
0.0580892
0.00882965
-0.0305953
0.176019
0.0130674
-0.126001
0.0525794
-0.0896794
0.0670005
0.15929
0.0842658
-0.0765325
0.216562
-0.00747007
-0.0168512
0.0501862
0.0452889
-0.13916
-0.0279019
-0.106634
-0.0501191
0.194097
-0.079047
0.0457461
0.164302
-0.122948
0.13105
-0.0304797
-0.0069079
-0.0658774
0.0568448
-0.127907
0.0201614
0.116505
-0.243251
0.163795
0.187076
-0.0685923
0.141204
0.0263961
-0.0070909
0.0389816
0.00828533
-0.0899604
-0.127088
-0.0178365
-0.0349579
0.0903238
0.0977773