-0.106548
0.170065
0.166032
-0.137523
-0.207509
0.0396616
-0.0756467
-0.108714
0.287096
-0.0704466
0.187368
-0.0350807
-0.309174
0.178482
-0.109913
0.156494
-0.244169
-0.179355
-0.0800488
-0.151184
-0.0859186
0.0904257
0.0110751
0.0653179
-0.161835
-0.364535
-0.068059
-0.0976995
0.03103
-0.0752899
0.101805
0.0942332
-0.221949
0.01368
0.0587475
0.154845
-0.0942052
-0.156496
0.130665
-0.0222096
-0.199774
-0.0481833
0.0902681
0.280609
0.192457
-0.0605288
0.0394316
-0.111173
0.18971
-0.264393
0.0688966
0.257799
0.0476067
0.0870959
0.167791
-0.17348
0.0251552
0.211273
-0.109321
0.0853294
0.12725
0.0127046
0.0515438
-0.0683909
0.203143
0.0874625
-0.149382
-0.103506
0.16508
-0.0741943
0.00818604
0.1241
-0.203911
-0.199117
-0.199731
0.0467418
0.499091
0.0454451
-0.081563
0.0282498
-0.059282
-0.0397116
-0.0663448
0.13376
-0.105081
-0.0305549
-0.105784
0.156621
0.261219
-0.0412824
0.0203472
0.267409
-0.0692993
-0.0703379
-0.0143304
0.133838
-0.215074
-0.0199341
-0.154766
-0.0719127
0.0533442
-0.0159594
-0.0812297
0.0894118
-0.164326
0.0972461
0.00717974
-0.0088557
-0.043452
-0.0505164
-0.0598453
-0.046786
0.280193
-0.225256
0.211092
0.0926404
-0.0379337
0.128925
0.0177833
0.0309265
0.0314358
-0.0924265
-0.0387336
-0.0731801
-0.000950687
-0.038736
-0.0434059
-0.00767699