-0.157759
0.182805
0.0805502
-0.174565
-0.17671
-0.0220299
0.0207333
-0.0506404
0.285149
-0.100656
0.204675
0.0123638
-0.271195
0.120708
-0.0429345
0.191436
-0.256172
-0.120464
-0.0628819
-0.0842456
0.0148017
0.109204
0.0372397
0.0763534
-0.112682
-0.380784
-0.0995704
-0.084705
0.0740949
-0.111293
0.0697221
0.0770463
-0.197796
-0.0331026
0.0446657
0.0840685
-0.0907224
-0.132521
0.201839
0.0412218
-0.220828
-0.0719082
0.114466
0.313528
0.188237
-0.00563091
0.0687054
-0.0957209
0.163469
-0.280162
0.073448
0.1257
-0.00395824
0.0884962
0.107668
-0.159538
0.0277313
0.14097
-0.204758
0.119401
0.157037
-0.0745293
-0.00423588
-0.0514756
0.26081
0.0710744
-0.13474
-0.164369
0.226571
-0.152189
-0.0474332
0.137222
-0.131682
-0.171169
-0.202688
-0.00838058
0.440482
0.114404
-0.0106689
0.0507818
-0.114857
-0.105152
-0.0189925
0.163446
-0.0196517
-0.0100728
-0.0857228
0.12858
0.322867
-0.018884
-0.0206989
0.326995
-0.00637324
-0.00643101
-0.0394694
0.0983667
-0.170467
-0.0282327
-0.136196
-0.0560585
0.0112372
-0.0656602
-0.080952
0.132885
-0.218281
0.184951
-0.0130549
0.0190439
-0.0665453
-0.0463892
-0.0878611
-0.00588379
0.194868
-0.230653
0.238857
0.158733
0.0419127
0.109364
0.0137936
-0.00874811
0.0809804
-0.125708
-0.170639
-0.0628612
0.0372216
-0.0720673
0.0348067
0.0430976