-0.142397
0.0625613
0.00629887
-0.0652866
-0.0973031
-0.0330216
0.0069158
-0.0842826
0.161553
-0.11216
0.0796079
-0.021314
-0.189978
-0.0325744
0.0024109
0.0804561
-0.224653
-0.150208
-0.0503538
-0.138906
0.0713285
0.0481267
-0.0209213
0.0644173
-0.200185
-0.268315
-0.146338
-0.082198
0.135799
-0.112183
-0.0419899
-0.000423029
-0.195559
-0.073192
0.0256896
0.0915021
-0.0180681
-0.0470965
0.162671
0.0589388
-0.136134
0.00831989
0.0532997
0.373001
0.24441
0.114308
-0.0556112
-0.0503722
0.146435
-0.237874
0.151909
0.142119
0.0277789
0.0280989
0.144821
-0.119059
-0.0063729
0.0917516
-0.19684
0.0566864
0.0469535
-0.0314625
-0.0245914
-0.0355968
0.165555
0.0759137
-0.087903
-0.115977
0.14231
-0.23049
-0.0678284
0.0134696
-0.0634879
-0.112394
-0.322459
0.00858264
0.450726
0.184633
-0.146187
0.109574
-0.0157229
-0.0579666
0.237065
0.116655
-0.0872992
0.0487504
-0.083272
0.0950528
0.150203
0.00976117
-0.0716106
0.19034
0.0252479
-0.00868832
0.0905186
0.0428576
-0.148062
-0.0539225
-0.165063
-0.104457
0.131955
0.0202975
-0.00387259
0.164381
-0.148097
0.165035
0.0580445
-0.0445546
-0.0621683
-0.0471996
-0.162279
-0.0143402
0.102494
-0.291975
0.105079
0.162597
-0.103347
0.130571
0.0690991
-0.00790022
0.0283427
-0.00647537
-0.133935
-0.0718689
0.0707187
0.00878645
0.127225
0.0152123