-0.129546
0.192437
0.173186
-0.125372
-0.163314
-0.00726124
-0.0811894
-0.108542
0.220238
-0.125207
0.129696
-0.0184015
-0.3705
0.13974
-0.0775609
0.166515
-0.211829
-0.175515
-0.0643699
-0.124238
-0.0375743
0.0614099
-0.00591867
0.0757997
-0.0685094
-0.382129
-0.124043
-0.0609765
-0.0110208
-0.0225191
0.0950424
0.0411218
-0.179446
0.0138895
-0.00104184
0.0709806
-0.0858691
-0.171815
0.177569
-0.0131839
-0.189397
-0.0113936
0.125627
0.257625
0.240228
-0.0156147
0.0893582
-0.10058
0.208558
-0.315435
0.0644107
0.187728
0.0758858
0.10888
0.159737
-0.243404
-0.00390999
0.195613
-0.128588
0.175768
0.0642203
-0.0745215
0.0273121
-0.0337369
0.304734
0.129092
-0.197645
-0.111771
0.262573
-0.143502
0.013121
0.139662
-0.16093
-0.163524
-0.193542
0.0989397
0.459732
0.0612571
-0.0896889
0.0109941
-0.0805508
-0.0261166
-0.0531927
0.221276
-0.0796923
-0.114871
-0.0876405
0.0642464
0.299211
-0.00632305
-0.0173669
0.365957
-0.00408546
0.00334988
-0.00840613
0.143191
-0.18499
-0.0748337
-0.127928
-0.0231186
0.0421716
-0.0913323
-0.0879989
0.0935928
-0.127525
0.0814581
-0.0508031
0.0451976
-0.0423045
-0.0343994
-0.067013
-0.0355485
0.231121
-0.256611
0.225307
0.100362
-0.0370419
0.12811
0.0221904
0.0824645
0.0848352
-0.135634
-0.0697852
-0.0733926
0.0330512
-0.0402822
-0.0424468
0.0427484