-0.114952
0.149102
0.14995
-0.13941
-0.194906
0.00426192
-0.0454833
-0.0381038
0.224548
-0.065199
0.176132
0.0404328
-0.301303
0.143947
-0.0906944
0.177072
-0.247974
-0.206854
-0.0298896
-0.101774
0.00120004
0.089641
-0.00145124
0.0582546
-0.143539
-0.344486
-0.085117
-0.0767247
0.033531
-0.0448643
0.145748
0.0706604
-0.198023
0.0637272
0.00473693
0.058388
-0.115745
-0.199411
0.222471
0.023113
-0.1997
-0.092203
0.159955
0.314637
0.258977
-0.0629644
0.061874
-0.0240588
0.186365
-0.398669
0.0657264
0.145238
0.0430689
0.144035
0.130732
-0.226938
0.0436122
0.153715
-0.115318
0.143774
0.0603086
-0.105915
0.0151867
-0.0714671
0.348714
0.0905677
-0.180818
-0.10005
0.239501
-0.116584
-0.0728976
0.103609
-0.154751
-0.110088
-0.258341
0.0401222
0.414456
0.035842
-0.0968749
0.0582143
-0.0398875
-0.00385877
-0.060264
0.179345
-0.0732147
-0.0768597
-0.158141
0.0587333
0.344231
-0.0465954
-0.00827936
0.329099
-0.00535935
0.00563407
0.0236292
0.142956
-0.149608
-0.0599459
-0.162586
0.0115359
0.0375612
-0.0586139
-0.104341
0.132673
-0.138097
0.126718
-0.00796613
0.0303939
-0.0570941
-0.0816465
-0.114123
-0.0171704
0.209248
-0.204822
0.248278
0.0802534
0.0233503
0.1258
0.0573162
0.0287403
0.00922023
-0.100359
-0.11998
-0.0502899
0.0164255
-0.0813593
-0.0551673
0.0884513