-0.10429
0.133286
0.0452456
-0.0888796
-0.175408
0.0118614
-0.0458653
-0.107942
0.166374
-0.0112944
0.237426
0.0326804
-0.199598
-0.0249157
-0.060124
0.127811
-0.0737449
-0.133544
-0.102775
-0.136675
-0.0354525
-0.00718297
0.026749
0.0587618
-0.163484
-0.182536
-0.0504549
-0.0973264
0.0519505
-0.104991
-0.065837
-0.0211155
-0.189425
-0.105083
0.0311135
0.0745783
0.00150144
-0.0430444
0.173563
0.00755754
-0.0619583
0.040668
0.0767605
0.229678
0.146941
0.0519443
0.0934596
-0.0575289
0.055067
-0.228149
0.123456
0.0621395
0.137157
0.00757073
0.108749
-0.185955
-0.0405984
0.149524
-0.0971799
0.112003
0.0509075
0.0559244
-0.116191
-0.0978899
0.264704
0.199823
-0.043364
-0.136401
0.196085
-0.102343
-0.117508
0.0447067
-0.0922823
-0.066752
-0.230531
0.0433082
0.402243
0.154708
-0.249159
-0.0254362
-0.0742688
0.0358994
0.0183722
-0.0859614
-0.119765
-0.00965002
-0.094973
0.00131395
0.235948
0.00196807
-0.0132796
0.161216
0.0832549
-0.00643369
0.0435543
0.00474589
-0.0662277
-0.0327157
-0.122082
-0.0424729
0.0550755
-0.0577882
0.027076
0.11229
-0.222772
0.0609081
-0.0301977
-0.0657527
-0.0493597
0.119339
-0.0725667
-0.0386278
0.193342
-0.232141
0.194275
0.183413
-0.0325199
0.0684453
0.0431578
0.0714951
0.0421849
0.0540091
-0.0450016
-0.133835
0.00218227
-0.124045
0.0567984
0.116806