-0.10546
0.129842
0.0941484
-0.0339162
-0.118472
-0.0534038
0.0290382
-0.0840124
0.268966
-0.0603566
0.0832641
-0.0109329
-0.262057
-0.00661733
-0.0330815
0.114417
-0.251455
-0.140651
-0.0710056
-0.163234
0.0743328
0.102148
-0.00977173
0.0553465
-0.148216
-0.333858
-0.0893186
-0.0620501
0.157665
-0.0824754
0.00998986
0.0859387
-0.169908
-0.142091
-0.00722647
0.0628017
-0.0748424
-0.0886148
0.162559
0.0476365
-0.157272
0.0247556
0.0371984
0.386715
0.194046
0.0737436
0.0033279
-0.0166513
0.128592
-0.270525
0.116023
0.161067
0.0439143
0.0634303
0.165526
-0.206831
-0.0641764
0.0997313
-0.188236
0.0964157
0.0768223
-0.08849
-0.00358465
-0.0703591
0.100225
0.0777442
-0.047361
-0.0983778
0.123986
-0.207912
-0.0515918
0.0240872
-0.0741083
-0.0534809
-0.337048
0.0145245
0.466447
0.11519
-0.0977854
0.019332
-0.00847324
-0.00661674
0.12725
0.0829637
-0.129003
0.0144588
-0.0986199
0.0633699
0.0929112
0.0302
-0.0979158
0.210681
0.0532274
-0.0375268
0.0719294
0.0421373
-0.163324
-0.0453472
-0.148345
-0.0711707
0.111758
-0.0600284
0.000358902
0.114179
-0.144838
0.15251
0.0653202
0.00232272
-0.0197787
0.0344785
-0.168611
-0.0329333
0.168913
-0.238754
0.133106
0.185529
-0.0884141
0.165872
0.0130027
0.0372703
-0.0351565
-0.000971101
-0.0516321
-0.104634
0.0417913
0.0314328
0.0686267
0.0553435