-0.0785878
0.0125213
0.0433271
-0.0765162
-0.116079
-0.0256473
0.00639294
-0.0897531
0.127315
-0.113141
0.0477606
-0.00537657
-0.193321
0.0434522
-0.0576667
0.140892
-0.107563
-0.253219
-0.0952931
-0.0559537
-0.00195345
0.0291506
-0.0683698
0.132058
-0.115557
-0.250522
-0.0427771
-0.0567898
-0.00943209
-0.0311141
0.00202625
0.172636
-0.239822
-0.00171308
0.00859166
0.0777635
-0.0446099
-0.0962401
0.248567
0.102274
-0.218313
-0.0324249
0.0178056
0.342533
0.186826
-0.0219337
0.00259947
0.00995783
0.144524
-0.354719
-0.0133466
0.226544
0.00460166
0.120291
0.0149567
-0.0686915
0.106752
0.0664791
-0.211323
0.0592313
0.0219848
-0.165969
0.0231821
-0.151505
0.235326
0.056078
-0.0706185
-0.0919033
0.116352
-0.230351
-0.112628
0.0520031
-0.109322
-0.14755
-0.284232
0.0278234
0.342569
0.246584
-0.129659
0.119399
-0.0536949
-0.0491438
0.125974
0.103906
0.0221742
0.0364227
-0.0303563
0.017631
0.3078
-0.00216033
-0.0341349
0.236189
0.0245129
-0.0621197
0.0307507
0.0226331
-0.0159038
-0.0455221
-0.135827
0.0465326
-0.041999
-0.00323124
0.00862286
0.0865737
-0.160295
0.129107
-0.0412153
-0.0264151
-0.066803
-0.0289656
-0.165265
-0.0843883
0.114263
-0.223041
0.159521
0.16734
-0.0130952
0.0821637
0.030573
0.0462175
-0.0496528
-0.0401914
-0.0969782
-0.119919
0.184774
0.0267591
0.0465006
0.018556