-0.102982
0.113413
0.00330367
-0.0815962
-0.108896
-0.00119026
-0.0317701
-0.0993885
0.163513
-0.0307403
0.177779
0.0298174
-0.188475
-0.0804965
-0.105832
0.143768
-0.115719
-0.154385
-0.069573
-0.0774728
-0.0291946
0.00544173
-0.00419551
0.068382
-0.117036
-0.200476
-0.0425473
-0.0882956
0.0477533
-0.075638
-0.078847
0.00577337
-0.225341
-0.0671303
0.0403766
0.0895188
0.0462841
0.0186949
0.138686
0.027237
-0.11269
-0.0419448
0.0390987
0.273047
0.174229
0.0468416
-0.00300334
-0.0324796
0.104812
-0.274799
0.195303
0.0509393
0.16995
0.0139163
0.0674534
-0.209283
-0.059722
0.129278
-0.102452
0.0806081
0.034439
0.0223821
-0.120424
-0.090441
0.225794
0.185248
-0.119643
-0.0951902
0.197739
-0.127168
-0.037255
-0.0226312
-0.0604572
-0.0798806
-0.332206
0.0748301
0.375581
0.182696
-0.250117
-0.0597983
-0.0433869
0.0913135
0.0442192
-0.0333088
-0.169745
0.0535606
-0.0893004
0.0110854
0.146082
0.0131953
-0.06698
0.159376
-0.0127002
0.0332111
0.0318065
0.05702
-0.0317444
-0.0488999
-0.151977
0.0128901
0.073358
-0.0547221
0.0131638
0.178524
-0.165438
0.060491
-0.0041888
-0.0257544
-0.0235809
0.104386
-0.115416
-0.0846522
0.142368
-0.175034
0.2073
0.143085
-0.0335829
0.110826
0.0734373
0.0674978
0.0335395
-0.0148289
-0.0585106
-0.120467
0.0591285
-0.088851
0.062973
0.0923413