-0.071874
0.145496
0.163839
-0.0940795
-0.212661
0.00704999
-0.0455571
-0.0976419
0.268753
-0.0565595
0.127466
-0.0524011
-0.311285
0.150103
-0.0900799
0.149221
-0.181979
-0.208292
0.00387477
-0.100954
-0.0696294
0.03306
-0.0139917
0.0581514
-0.133022
-0.427393
-0.136129
-0.0688662
-0.0206118
-0.0380398
0.0647038
0.12254
-0.220086
-0.0247548
0.0390317
0.0842324
-0.181183
-0.184869
0.156106
0.031099
-0.181339
-0.0431408
0.112296
0.309097
0.200715
-0.0524657
0.105509
-0.0597954
0.177482
-0.321996
0.0322977
0.211645
0.0447767
0.137714
0.112758
-0.176083
0.010477
0.2119
-0.1111
0.175727
0.110884
-0.117418
0.0211266
-0.0696514
0.297973
0.108308
-0.142665
-0.074998
0.216262
-0.102853
0.00208738
0.0739985
-0.168871
-0.208828
-0.202594
0.102271
0.469063
0.0712386
-0.0552338
0.0329573
-0.0681301
0.0240113
-0.0708343
0.190037
-0.0747215
-0.0402663
-0.107671
0.0891337
0.318972
-0.049388
0.0175522
0.294546
-0.0435193
0.0262281
0.00364991
0.0877097
-0.168357
-0.0502217
-0.165545
-0.0100802
-0.0146383
-0.0769851
-0.0784109
0.0887643
-0.150016
0.110566
0.000991242
-0.00197255
-0.0755753
-0.0858318
-0.049115
-0.0271626
0.210448
-0.262624
0.213024
0.0992142
0.0261264
0.175602
0.0026788
0.0103939
0.0363691
-0.140127
-0.0603061
-0.0371702
0.0312886
-0.0103274
-0.0816082
0.0238934