0.0285119
0.157617
0.127905
0.0545974
-0.0531381
0.101309
-0.0836798
0.028824
0.172616
-0.0435892
0.183683
-0.0355003
-0.173449
-0.0294536
-0.0478643
0.222572
-0.140977
-0.0675041
-0.188198
-0.0123724
-0.016355
0.0752305
-0.0356245
-0.000545472
-0.140133
-0.403714
-0.0599534
-0.0951109
0.0249773
-0.14193
-0.110146
0.0425085
-0.125993
-0.108662
0.0632938
0.0340106
-0.034875
-0.0191636
0.125019
0.0792717
-0.207779
0.0446327
0.106535
0.28414
0.143486
0.0760044
0.0427545
-0.0513266
0.122037
-0.253794
0.063089
0.123797
0.164588
0.154763
0.149863
-0.135253
-0.0167525
0.214434
-0.128659
0.134053
0.0170417
-0.00770794
0.0147647
-0.0124023
0.157227
0.0697309
-0.0826185
-0.0945604
0.127293
-0.0669635
0.0142727
0.0199979
-0.0498882
-0.209512
-0.291819
0.0501332
0.419935
0.170338
-0.263313
-0.0488745
-0.0390513
-0.0887015
0.0341505
0.0875629
-0.110367
0.0376286
-0.0295438
0.0351406
0.197686
0.00887832
0.106546
0.246305
-0.005382
-0.013185
-0.0223662
0.00893232
-0.162567
-0.00510794
-0.164718
-0.0827196
0.0263113
-0.0674532
0.00591112
0.0818611
-0.220617
0.135615
0.0258488
-0.0302961
0.0505923
0.105867
-0.0919005
-0.0624868
0.24593
-0.175288
0.093429
0.199956
0.00394431
0.0887221
0.109385
0.0943863
0.0185581
-0.0644033
-0.143903
-0.0541237
0.0790473
-0.0909274
-0.0484847
-0.00366803