-0.101157
0.115842
0.00832324
-0.0340267
-0.0712048
-0.0241676
-0.0102926
-0.107137
0.161746
-0.0912012
0.166565
-0.0250649
-0.226728
-0.0585831
0.00666187
0.0727607
-0.184253
-0.179304
-0.0486804
-0.0998571
0.0547407
0.0627066
0.0236681
0.025171
-0.164097
-0.355904
-0.130868
-0.107307
0.161553
-0.151784
-0.00914204
0.0247136
-0.177869
-0.0733278
0.013639
0.123142
-0.0463339
-0.111856
0.195781
0.0936511
-0.120973
-0.0693722
0.0281731
0.370367
0.163448
0.0824149
-0.00209992
-0.0383262
0.0979923
-0.30003
0.160003
0.129571
0.0577332
0.0650476
0.177484
-0.169975
0.0152275
0.0341793
-0.215228
0.0999569
0.0589771
0.0364506
-0.0125783
-0.0708319
0.204059
0.100755
-0.0869777
-0.0707969
0.103967
-0.232165
-0.0760714
0.0476479
-0.0560086
-0.144392
-0.333623
0.0207417
0.429466
0.198204
-0.122972
0.0290186
0.00391838
-0.0728003
0.170962
0.0657162
-0.131026
0.0658338
-0.109034
0.0539763
0.178023
0.0242087
-0.112932
0.221452
-0.0416744
0.050574
0.0933933
0.0574096
-0.108074
-0.0572442
-0.117996
-0.0518244
0.121282
-0.0876489
-0.0392869
0.154307
-0.141557
0.0989069
0.023049
-0.0363914
-0.00811508
0.00248826
-0.232773
-0.0601314
0.163649
-0.298286
0.125929
0.211457
-0.0723453
0.123547
0.100966
0.0297807
0.00690892
-0.0227071
-0.126722
-0.0929394
0.0184613
0.0164334
0.0158482
0.0197445