-0.123603
0.110268
0.0167977
-0.080407
-0.117442
0.0273778
-0.049892
-0.122612
0.228783
-0.0422567
0.216458
0.0240517
-0.177052
-0.0745826
-0.118648
0.138069
-0.0850691
-0.190212
-0.0722649
-0.113512
-0.020224
-0.00562855
0.0136827
0.0554475
-0.141185
-0.253893
-0.0483141
-0.129948
0.047587
-0.0720834
-0.0815825
0.0259647
-0.258886
-0.15112
-0.0199468
0.115933
0.0306764
0.0317601
0.149719
0.0268479
-0.11957
0.0328714
0.0515341
0.259229
0.14212
0.0818156
-0.000566579
0.0166907
0.0301147
-0.236269
0.119066
0.0687544
0.190399
0.0257298
0.0700204
-0.165418
-0.0259864
0.102213
-0.145211
0.106305
0.0419347
-0.000848815
-0.0545441
-0.0419222
0.28808
0.196301
-0.0391897
-0.0973309
0.175621
-0.105671
-0.0439275
0.0389507
-0.0565046
-0.0891271
-0.239907
0.0858326
0.394912
0.155336
-0.219338
-0.00569832
-0.0794309
0.035695
0.0456336
-0.108841
-0.110087
0.0472764
-0.112503
-0.0322466
0.192866
0.0347885
-0.0476154
0.19416
-0.00732415
0.0276578
0.0637281
0.052693
-0.0597754
0.00420074
-0.130225
-0.0172319
0.0734127
-0.0510373
0.0306672
0.0702311
-0.15035
0.0215663
-0.0420181
-0.0045726
-0.0295643
0.141931
-0.10661
-0.0919809
0.189527
-0.216875
0.237115
0.153266
-0.0751123
0.108472
0.0994648
0.0580849
0.0219809
0.0066733
-0.0597273
-0.139581
0.0647182
-0.118567
0.108252
0.128784