-0.0532631
0.175308
0.00768474
-0.0854786
-0.0723364
0.0115036
-0.0712916
-0.0767944
0.185184
-0.0131956
0.225323
0.054711
-0.14676
-0.130355
-0.0851661
0.137163
-0.0968953
-0.210622
-0.0389961
-0.0546623
-0.0114114
-0.00652544
-0.0375219
0.0539656
-0.123564
-0.242533
-0.0603875
-0.102304
0.0725544
-0.128676
-0.0319414
-0.00892858
-0.191935
-0.0947386
-0.0181354
0.139389
-0.0201192
-0.0308087
0.177363
0.0514307
-0.127858
0.0171909
0.033292
0.339861
0.123705
0.0197241
0.0366444
0.00475968
0.0958914
-0.264019
0.17741
0.105545
0.195876
0.0815328
0.0806875
-0.151867
0.0116186
0.147376
-0.196908
0.0797543
0.031649
0.0710232
-0.0141219
-0.0503903
0.304652
0.208528
-0.10768
-0.0701939
0.132881
-0.129803
-0.0807271
-0.00141701
-0.0512139
-0.0805045
-0.336934
0.106692
0.352289
0.157146
-0.244156
-0.0251244
-0.0574354
0.0189946
0.0631246
-0.0460104
-0.167316
0.0624905
-0.137643
-0.0582613
0.198828
0.0507105
-0.0606355
0.163639
0.0271077
0.0353828
0.0702037
0.0766074
-0.0569541
-0.047919
-0.132523
0.00798199
0.0169876
-0.0803204
-0.0348311
0.143086
-0.145248
0.0838309
0.0381431
-0.00373227
-0.0353888
0.150225
-0.137061
-0.148105
0.164846
-0.20071
0.197728
0.129139
-0.0258176
0.0963932
0.137322
0.0820312
-0.0295428
-0.0472718
-0.0372006
-0.0967596
0.0342928
-0.0621534
0.0649416
0.111989