-0.130833
0.0970149
0.00741803
-0.0842881
-0.139062
0.0490128
0.00183047
0.00750018
0.201253
-0.0831711
0.0738093
-0.0189064
-0.253499
0.0357153
-0.0285183
0.0586961
-0.27103
-0.185413
0.0183074
-0.117794
0.00578334
0.0798332
-0.0435102
0.0988529
-0.161796
-0.355076
-0.129122
-0.0921974
0.0735568
-0.141342
0.0350353
0.0331469
-0.169653
-0.0632548
0.0293589
0.0867257
-0.0355777
-0.0496119
0.192916
0.0618964
-0.119513
0.0109965
0.08575
0.415746
0.150147
0.0701376
-0.0306983
-0.0398449
0.149962
-0.235701
0.107552
0.199593
0.0735867
0.0670376
0.0463249
-0.124888
-0.0361133
0.211342
-0.212919
0.194473
0.0576112
-0.0646331
0.0742294
-0.0403783
0.17534
0.0716165
-0.0824352
-0.191439
0.170307
-0.246091
-0.0975669
0.0619043
-0.0795681
-0.152697
-0.27884
0.0559499
0.371126
0.156097
-0.0304899
0.00654087
-0.0245492
-0.0948828
0.0650134
0.137002
-0.150075
-0.0381269
-0.0650697
0.105262
0.260852
0.0977245
-0.0706127
0.195207
0.027653
0.0201434
0.0576675
0.0460316
-0.138573
-0.0152838
-0.183931
0.00312401
-0.0481929
-0.100284
-0.0139615
0.187148
-0.164518
0.123814
0.0027153
-0.088186
-0.105593
0.045555
-0.16632
-0.0345136
0.208837
-0.281164
0.153765
0.217273
0.0894443
0.134513
0.0403106
-0.0139836
0.0349908
-0.0685183
-0.155149
-0.0319064
0.0467
-0.0414472
0.06044
0.0292473