-0.0923014
0.0853126
0.0434996
-0.102133
-0.150809
0.044869
-0.0182573
0.0269289
0.207326
-0.0536441
0.0512887
0.0645997
-0.154835
0.0669829
-0.0507232
0.0552262
-0.20224
-0.163913
-0.00221041
-0.16043
-0.0221233
0.115749
-0.0402797
0.0486925
-0.175103
-0.24374
-0.0823306
-0.113611
0.11013
-0.148421
0.0281492
0.0556299
-0.173709
-0.0774825
0.0128129
0.033171
-0.0548024
-0.0824469
0.184162
0.0721624
-0.0903266
0.0199886
0.0667857
0.383922
0.195549
0.0487237
-0.000850812
-0.0344652
0.113174
-0.270798
0.121106
0.149153
0.019799
0.0813867
0.0228922
-0.114507
0.00675879
0.116161
-0.172446
0.165619
0.0811721
-0.0139866
0.0405889
-0.0229315
0.192446
0.057562
-0.0527135
-0.148945
0.125619
-0.222497
-0.130863
0.0360109
-0.0815607
-0.10483
-0.256324
0.0815024
0.402457
0.194462
-0.0483193
0.0459432
-0.0492965
-0.0798533
0.0718846
0.081512
-0.154334
-0.0569856
-0.0237877
0.0924719
0.291224
0.0885832
-0.105719
0.151686
0.0630255
-0.0124667
0.0432931
0.0472408
-0.0995618
-0.0157979
-0.166877
-0.0169936
-0.00231273
-0.0423409
-0.0127128
0.239694
-0.182792
0.188113
-0.00169416
-0.101735
-0.066749
0.0554674
-0.156376
-0.0320559
0.200154
-0.175419
0.14356
0.202207
0.114663
0.119724
0.0777836
-0.00866303
0.0360828
0.00512322
-0.132641
-0.0561767
0.0580309
-0.0451662
0.0863611
0.076047