-0.00801265
0.122128
0.098006
0.0870478
-0.117131
0.0983929
-0.113595
0.0133927
0.190529
-0.0772345
0.19886
-0.0185671
-0.190402
-0.0478781
-0.0298643
0.191934
-0.135716
-0.0249108
-0.154197
0.00277469
-0.0236442
0.0849229
-0.0475805
-0.0237282
-0.119619
-0.426564
-0.0603517
-0.0937192
0.0369058
-0.171175
-0.144347
0.00977772
-0.105938
-0.157571
0.0439931
0.0465819
-0.0355424
-0.0322489
0.131046
0.0560569
-0.174957
-0.00461332
0.0626804
0.285362
0.156496
0.0356865
0.0543177
-0.0313099
0.123532
-0.27671
0.0494385
0.0938831
0.15817
0.13545
0.183841
-0.154686
-0.0457848
0.198767
-0.134086
0.118425
0.00536042
0.0241962
0.00983257
-0.0235223
0.167381
0.0312503
-0.0891411
-0.0929693
0.076797
-0.0911275
0.0228282
0.0257053
-0.0541969
-0.246136
-0.34716
0.0450605
0.436004
0.190332
-0.264963
-0.0540455
-0.0225618
-0.148673
0.0384293
0.0800269
-0.0298329
0.0569322
-0.0213452
0.064097
0.162023
0.0114023
0.0847978
0.230278
-0.00630814
-0.0174593
-0.0101291
0.0574589
-0.13862
-0.0290368
-0.113834
-0.0455572
0.0691652
-0.102797
0.0221295
0.0723918
-0.229339
0.175811
0.0103329
-0.0278916
0.0303678
0.0178507
-0.106956
0.0144707
0.281852
-0.239354
0.0926316
0.199935
-0.0191938
0.147014
0.0302283
0.0442143
-0.00388536
-0.0407428
-0.131001
-0.0932137
-0.0108855
-0.10197
-0.0268351
0.00940324