-0.106218
0.139057
0.0894737
-0.0045663
-0.0788816
-0.0175161
-0.0448334
-0.0490344
0.158265
0.000212939
0.203312
-0.000540003
-0.149504
-0.0517613
-0.064646
0.124216
-0.162662
-0.206876
-0.000603884
-0.0568563
-0.0125404
0.0205982
-0.0566822
0.0526709
-0.139446
-0.285425
-0.0274233
-0.126032
0.118586
-0.103348
-0.0800105
-0.068052
-0.214222
-0.0497046
0.000251865
0.122826
0.0216906
-0.0595173
0.152484
0.0369079
-0.119941
-0.00591543
0.0266936
0.310594
0.115754
0.057685
0.0181589
0.0633698
0.089984
-0.270245
0.170063
0.108392
0.199047
0.0506196
0.065099
-0.179747
-0.044751
0.11861
-0.194641
0.130445
0.0448325
0.0857909
-7.64746e-05
-0.0257936
0.294577
0.168758
-0.087006
-0.0862069
0.147154
-0.158316
-0.0682506
-0.035685
-0.0339231
-0.086847
-0.264826
0.0959345
0.342218
0.132321
-0.214491
0.0218088
-0.0665409
0.00614403
0.0088892
-0.0407164
-0.140353
0.106834
-0.154222
-0.0366691
0.205716
0.0589088
-0.0156393
0.183198
-0.0272034
-0.0192756
0.049327
0.014197
-0.067207
-0.0365505
-0.0744318
-0.0456704
0.064613
-0.0667286
-0.0146945
0.141654
-0.222961
0.077268
-0.0140995
0.000388346
-0.00196839
0.140831
-0.128456
-0.105792
0.168262
-0.226264
0.210261
0.13957
-0.00970411
0.109322
0.0544099
0.025485
0.0298547
-0.00351739
-0.066548
-0.125651
0.000434056
-0.0967984
0.0452722
0.141499