-0.184814
0.003828
0.108157
0.00386713
-0.141148
-0.0562465
-0.0436435
-0.118933
0.105988
-0.111672
0.103304
-0.0502045
-0.19496
-0.000791017
-0.106976
0.149417
-0.101192
-0.21228
-0.102643
0.00369382
0.0936198
0.0125167
0.0102711
0.116507
-0.110078
-0.348988
-0.0286676
-0.0181142
-0.0164045
-0.0849757
-0.0259217
0.174431
-0.257812
-0.0272506
-0.0850266
0.122114
-0.00715989
-0.110977
0.162437
-0.0391141
-0.324653
-0.0525962
0.123614
0.254765
0.244328
0.0243792
-0.00994661
-0.0383702
0.0543427
-0.325881
0.0118831
0.187763
0.0596029
0.0953574
0.0294288
-0.173109
0.0415049
0.009628
-0.158774
-0.00340623
0.000880322
-0.103959
0.0407312
-0.175471
0.218214
0.098889
-0.0760722
-0.0747324
0.214324
-0.192022
-0.0896553
0.0594524
-0.162626
-0.201581
-0.378789
0.000967801
0.391182
0.194581
-0.101053
0.112095
-0.0340995
-0.0322249
-0.0107671
0.181425
0.021398
0.0213745
-0.0383039
0.10192
0.188238
0.011524
-0.0562084
0.160993
0.0533203
-0.0747364
0.00723007
0.112866
-0.0468247
0.0525034
-0.18674
0.0850863
-0.0252974
0.0473805
0.0261502
0.137444
-0.0926584
0.136742
0.00292153
-0.0340372
-0.0226744
-0.00881627
-0.0982016
-0.0512494
0.0525653
-0.21279
0.18635
0.166077
0.0455804
0.161969
0.028879
0.137261
0.0247498
-0.000248551
-0.172285
-0.0814597
0.133451
-0.053451
0.0408892
0.130263