-0.143935
0.0363831
0.112201
-0.0646649
-0.157659
-0.0664797
-0.00502016
-0.162988
0.155538
-0.091581
0.148838
-0.0296811
-0.209639
0.00181549
-0.108843
0.13502
-0.109117
-0.181195
-0.123112
-0.00548653
0.0751911
0.059542
0.014498
0.0814161
-0.0788389
-0.327989
-0.0763575
-0.00990105
-0.00854683
-0.0763328
0.0215759
0.209959
-0.218489
-0.0401809
-0.0666568
0.130872
0.0300865
-0.0869
0.159891
-0.0323498
-0.317724
-0.067315
0.0922012
0.289361
0.273329
0.0139928
0.0220501
-0.0748829
0.044345
-0.305425
0.0635418
0.177072
0.0369605
0.0758072
0.0143706
-0.17849
0.0216418
0.0607347
-0.183112
0.0305057
0.11912
-0.187318
0.0532016
-0.164821
0.236416
0.0739587
-0.136403
-0.0878123
0.185196
-0.221681
-0.10642
0.00726231
-0.165207
-0.185775
-0.432861
0.0282635
0.390634
0.198735
-0.132713
0.106137
-0.088905
-0.0123912
0.0235284
0.216742
0.0493233
0.0268562
-0.0977865
0.0630196
0.204657
-0.018993
-0.0296687
0.26412
0.00821983
-0.0719063
-0.0219898
0.154337
-0.0691313
0.0604968
-0.146111
0.130821
-0.0419835
0.00977221
0.0294729
0.143403
-0.102324
0.181062
-0.0339145
0.0199522
-0.0411714
-0.129767
-0.0614786
-0.0742247
0.135659
-0.214198
0.166528
0.156981
0.0441109
0.207541
0.0612272
0.182663
0.0346797
-0.042719
-0.183654
-0.0373305
0.0962362
-0.0600201
0.0482082
0.174591