-0.133236
0.0260924
0.0664058
-0.038524
-0.142176
-0.0661432
-0.0452095
-0.0796583
0.161735
-0.071738
0.167188
-0.01912
-0.245027
-0.0234018
-0.0958111
0.200414
-0.0994924
-0.152032
-0.0548361
-0.00937823
0.0924826
0.0251292
0.0286247
0.155884
-0.10938
-0.362403
-0.00782856
0.00456928
-0.0446049
-0.0632023
0.0379689
0.219253
-0.227459
-0.0381035
-0.0198347
0.162423
-0.0261103
-0.121079
0.168364
0.0131375
-0.317539
-0.122147
0.151249
0.311832
0.221197
-0.0155391
0.0518078
-0.0543407
0.0732541
-0.346964
0.0361081
0.156873
0.0180564
0.0875159
0.0791555
-0.177929
0.086425
0.0575973
-0.160128
-0.0132945
0.0696323
-0.0910105
0.0627724
-0.133162
0.29872
0.0972025
-0.110693
-0.0564444
0.22818
-0.16187
-0.111966
0.0381024
-0.135897
-0.181961
-0.414902
0.00487242
0.378261
0.205902
-0.121203
0.123614
-0.0402438
-0.00785763
0.0336414
0.209992
0.027755
0.0484749
-0.0961409
0.0676676
0.204935
0.0261707
-0.0233516
0.247501
0.0679549
-0.075302
0.0495244
0.129843
-0.119375
0.0357457
-0.234999
0.0304638
-0.00022836
0.0287596
0.0625411
0.153512
-0.141136
0.147813
0.00246759
-0.0099363
0.00206195
-0.003262
-0.0939306
-0.0693149
0.0456297
-0.184519
0.17556
0.0824351
0.0972224
0.167299
0.0819589
0.14772
0.0187012
-0.0859952
-0.116775
-0.0503669
0.0703983
-0.0567993
0.0498395
0.126465