-0.110309
0.0273407
0.0467715
-0.123476
-0.148591
0.0491256
-0.030695
0.0446699
0.158992
-0.0276201
0.0881051
0.0439232
-0.189446
0.0468735
-0.0223032
0.111544
-0.234721
-0.149968
0.00552754
-0.117353
-0.00698462
0.105945
-0.019316
0.0922462
-0.127541
-0.260123
-0.108574
-0.143604
0.108669
-0.126501
0.013589
0.0439976
-0.161914
-0.0472512
0.0304866
0.0651658
-0.0375947
-0.0714716
0.187492
0.0782039
-0.126293
0.00891908
0.0511977
0.367896
0.166988
0.104015
0.0392876
0.0077415
0.108834
-0.26106
0.140723
0.122995
0.0814376
0.0574106
-0.00014073
-0.137484
0.0161869
0.166732
-0.206946
0.186733
0.10205
-0.0777773
0.0604525
-0.037682
0.242585
0.0819172
-0.0770766
-0.162644
0.16629
-0.180875
-0.140732
0.0674779
-0.11954
-0.0900675
-0.263024
0.0418904
0.39317
0.155656
-0.0450538
0.0352139
-0.0498777
-0.0306451
0.0521972
0.0907708
-0.130139
-0.0218183
-0.0547115
0.0665065
0.27842
0.0542024
-0.0691978
0.14479
0.0438671
0.00837856
0.0317942
0.0352002
-0.0333142
-0.0243659
-0.126281
-0.000576489
-0.0470366
-0.0540385
0.00779674
0.161783
-0.183855
0.170807
-0.0164016
-0.0745488
-0.109375
0.0502449
-0.146049
0.0114618
0.212072
-0.234143
0.18035
0.225398
0.114141
0.105071
0.0431555
0.0179833
-0.00562204
-0.0636956
-0.182951
-0.058901
0.0985686
-0.051182
0.128656
0.101608