-0.119488
0.0693203
0.0492663
-0.150259
-0.137735
0.0642967
0.0055465
0.0217682
0.119454
-0.0569732
0.0912394
0.0188907
-0.227826
0.0233047
-0.0326227
0.111224
-0.24452
-0.145933
-0.0265826
-0.1178
-0.0525553
0.123225
-0.0405979
0.053648
-0.0898742
-0.306558
-0.092839
-0.146922
0.0542215
-0.0824004
0.0109939
0.060433
-0.144195
-0.0515409
0.0372504
0.110744
-0.0483034
-0.0773831
0.150698
0.0819728
-0.0940719
-0.0120878
0.0954876
0.399433
0.164682
0.0532498
0.0201628
-0.00138451
0.148121
-0.277562
0.125324
0.091225
0.129286
0.0983981
0.033747
-0.126095
0.0498364
0.118002
-0.205675
0.152347
0.0923002
-0.0867028
0.0239722
-0.0596861
0.216936
0.0761173
-0.0817868
-0.163199
0.186637
-0.18089
-0.154034
0.033606
-0.114355
-0.0758606
-0.293894
0.0644384
0.342636
0.187594
-0.0537492
-0.0264898
-0.0632128
-0.0343609
0.0478869
0.082237
-0.122841
-0.0426573
-0.065236
0.0704569
0.271314
0.0113362
-0.095245
0.139931
0.0416381
0.00402078
0.0286353
0.0531726
-0.0572571
0.00043337
-0.173364
0.0334513
-0.00719681
-0.11945
-0.0238382
0.178437
-0.211464
0.154448
-0.0104992
-0.0897458
-0.070637
0.00440251
-0.171552
0.0113082
0.226896
-0.223831
0.174833
0.257922
0.102381
0.113794
0.0606276
-0.0119964
-0.00312739
-0.0961441
-0.194675
-0.110865
0.0905391
-0.004062
0.0391423
0.0944847