-0.0667153
0.1024
0.14169
-0.110035
-0.138978
0.00930654
0.0326693
-0.102341
0.217998
-0.0906075
0.208053
-0.0292727
-0.280351
0.0281341
0.036154
0.158929
-0.121633
-0.104352
-0.129397
-0.0820429
-0.0567205
0.115349
0.0285321
0.0627168
-0.213504
-0.282164
-0.0230589
-0.0899094
-0.00277045
-0.0577111
0.0215384
0.0963428
-0.107316
-0.00964761
0.127293
0.0607659
-0.0450354
-0.108726
0.1316
-0.0703872
-0.259062
-0.0474845
0.123295
0.192706
0.202898
-0.0664907
0.0401218
-0.167435
0.122415
-0.369346
0.0615375
0.0588533
-0.0424376
0.0639746
0.15845
-0.201001
-0.0629338
0.160067
-0.149669
0.0887852
0.131378
-0.094573
-0.0736597
-0.151395
0.188594
0.0734293
-0.245476
-0.174942
0.0780921
-0.173822
-0.0420612
0.154377
-0.0514667
-0.176647
-0.280424
0.0628565
0.42597
0.176883
-0.184837
-0.00423203
-0.14291
0.0227913
-0.0154853
0.107345
0.0363653
-0.0924361
-0.0462818
0.00831942
0.221453
-0.061926
0.0422393
0.308537
-0.034987
0.00275146
-0.090876
0.121597
-0.223592
-0.00651264
-0.100964
-0.00438812
0.0249807
-0.0133122
0.0548029
0.146152
-0.226601
0.233904
-0.0435675
-0.0271283
0.108734
-0.0210449
-0.0401237
-0.0352326
0.174827
-0.330189
0.164376
0.115446
0.0785922
0.154998
0.0474338
0.0594989
0.0541594
-0.00199138
-0.114438
-0.0560541
0.0343538
-0.1234
-0.0405562
0.00382244