-0.0840607
0.148009
0.104008
-0.11733
-0.107312
0.0541022
0.0333218
-0.115228
0.200397
-0.0469499
0.198625
-0.0189604
-0.253959
0.0210191
0.0599405
0.158733
-0.09706
-0.115011
-0.118467
-0.0235407
-0.0356511
0.0119988
0.0447189
0.129367
-0.18196
-0.307402
-0.0349402
-0.0461325
0.00795496
-0.0737931
0.0167086
0.0217919
-0.228068
-0.00868672
0.0468508
0.0847974
-0.0962053
-0.130512
0.238368
0.0183219
-0.226693
-0.0705914
0.0560867
0.235708
0.210204
0.0324443
0.0462121
-0.119117
0.0957659
-0.295718
0.102556
0.152435
-0.0699543
0.0336002
0.081569
-0.143476
-0.0209571
0.121366
-0.24831
0.0456766
0.0726238
-0.0233496
-0.0782762
-0.179605
0.266563
0.135519
-0.191773
-0.144852
0.140822
-0.174814
-0.0499507
0.103672
-0.113501
-0.205926
-0.319784
0.0435492
0.434816
0.203942
-0.193123
-0.0190458
-0.118357
-0.0642797
0.0530021
0.146655
0.0477015
-0.0414701
-0.00333983
0.0367271
0.230612
-0.00777587
-0.0315655
0.287343
-0.00662052
-0.0836641
-0.0854611
0.0833419
-0.158727
-0.0131259
-0.154182
-0.0740215
0.013793
0.0584539
0.0526458
0.188468
-0.258843
0.204604
0.010396
-0.0628182
0.0626734
-0.0118097
-0.155583
-0.108367
0.171633
-0.314569
0.154649
0.138846
0.0102125
0.0767506
0.0557468
0.111392
0.07056
0.0241027
-0.13838
-0.0600335
0.0709215
-0.0564932
0.0900398
0.0191144