-0.0757482
0.195535
0.10169
-0.056203
-0.105504
0.0250711
0.0638921
-0.0854712
0.255193
-0.0765048
0.213994
-0.0327329
-0.241098
0.0626163
0.0486802
0.103016
-0.110113
-0.0736209
-0.139318
-0.0216088
0.0414488
0.0245535
0.067263
0.138006
-0.150774
-0.320244
-0.0363754
-0.0409824
0.110716
-0.120781
-0.0157294
0.0452687
-0.170598
-0.050854
0.0278054
0.0606995
-0.153149
-0.0830223
0.234355
-0.0450117
-0.239913
-0.0101658
0.0656515
0.295882
0.253092
0.0612388
0.00317641
-0.117174
0.089251
-0.32001
0.0377579
0.186611
-0.0372856
0.113618
0.0972279
-0.170024
0.00838657
0.0551211
-0.223559
0.0349692
0.0943262
-0.0974369
-0.0245315
-0.066853
0.251146
0.112802
-0.13211
-0.155501
0.108033
-0.215148
-0.0169852
0.14428
-0.0895739
-0.192373
-0.191013
0.0140465
0.382385
0.192352
-0.152325
0.0496335
-0.15241
-0.0265629
0.0652749
0.0791767
0.00462348
-0.0704144
-0.0851666
0.0613398
0.208913
-0.0884693
0.0101865
0.275254
0.0601556
-0.0946821
-0.0164543
0.073383
-0.216742
0.0200491
-0.212376
-0.0827614
0.0542845
0.0305041
0.0466433
0.0977722
-0.278556
0.267081
0.0282352
-0.0503534
0.0671134
-0.0532979
-0.141158
-0.0370329
0.167228
-0.317222
0.248532
0.121697
0.031981
0.127496
0.0505759
0.0749479
0.0660078
0.00480139
-0.0707334
-0.0653285
0.0678355
-0.039195
0.0590838
-0.0223999