-0.0767198
0.123063
0.169567
-0.189898
-0.122862
-0.0197875
0.0183315
-0.0719222
0.199393
-0.100338
0.257848
-0.0429533
-0.254315
0.0401918
0.0379804
0.177089
-0.159093
-0.0400257
-0.102994
-0.0520183
-0.0125709
-0.00189904
0.0156966
0.120804
-0.162437
-0.286607
-0.0323953
-0.0391538
0.00552
-0.0744418
0.0519843
0.0233782
-0.195813
-0.0127311
0.0385158
0.0528049
-0.0940522
-0.0860243
0.205185
0.00332607
-0.249148
-0.0744067
0.10119
0.205358
0.219527
-0.0125488
0.0279009
-0.126085
0.152545
-0.324726
0.0585834
0.114117
-0.0349697
0.0569913
0.124354
-0.0973524
0.0320256
0.149726
-0.239102
0.0571871
0.13214
-0.0984013
-0.0947237
-0.0793801
0.239597
0.108785
-0.205475
-0.16665
0.134905
-0.156071
-0.0715436
0.105963
-0.0604723
-0.170366
-0.322651
0.04827
0.373096
0.181256
-0.210903
0.0297385
-0.125029
-0.0417019
0.0916526
0.154981
0.0384949
-0.0152715
-0.0208569
0.034365
0.167353
-0.0570336
0.0429814
0.333146
0.0188908
-0.0338469
-0.0540533
0.0886532
-0.214141
-0.0216464
-0.198414
-0.0698469
0.0710607
0.0644196
0.0497963
0.123633
-0.26696
0.222545
-0.00226871
-0.0668672
0.0532595
-0.0369121
-0.103638
-0.0921182
0.130682
-0.289196
0.155937
0.124271
0.0307653
0.0720081
0.11474
0.0303197
0.0925924
-0.0285401
-0.0697358
-0.0405901
0.0585902
-0.0770223
0.0559987
-0.0301331